4,5,4,5,4,5,4,5,4,5,4,5,4,5,4,5,4,5,4,5,4,5,4,5,4,5,4,5,4,5,4,5,4,5,4,5,4,5,4,5,
20,21,20,21,20,21,20,21,20,21,20,21,20,21,20,21,20,21,20,21,20,21,20,21,20,21,20,21,20,21,20,21,20,21,20,21,20,21,20,21,
4,5,4,5,4,5,4,5,4,5,4,5,4,5,4,5,4,5,4,5,4,5,4,5,4,5,4,5,4,5,4,5,4,5,4,5,4,5,4,5,
20,21,20,21,20,21,20,21,20,21,20,21,20,21,20,21,20,21,20,21,20,21,20,21,20,21,20,21,20,21,20,21,20,21,20,21,20,21,20,21,
4,5,4,5,4,5,4,5,4,5,4,5,4,5,4,5,4,5,4,5,4,5,4,5,4,5,4,5,4,5,4,5,4,5,4,5,4,5,4,5,
20,21,20,21,20,21,20,21,20,21,20,21,20,21,20,21,20,21,20,21,20,21,20,21,20,21,20,21,20,21,20,21,20,21,20,21,20,21,20,21,
4,5,4,5,4,5,4,5,4,5,4,5,4,5,4,5,4,5,4,5,4,5,4,5,4,5,4,5,4,5,4,5,4,5,4,5,4,5,4,5,
20,21,20,21,20,21,20,21,20,21,20,21,20,21,20,21,20,21,20,21,20,21,20,21,20,21,20,21,20,21,20,21,20,21,20,21,20,21,20,21,
4,5,4,5,4,5,4,5,4,5,4,5,4,5,4,5,4,5,4,5,4,5,4,5,4,5,4,5,4,5,4,5,4,5,4,5,4,5,4,5,
20,21,20,21,20,21,20,21,20,21,20,21,20,21,20,21,20,21,20,21,20,21,20,21,20,21,20,21,20,21,20,21,20,21,20,21,20,21,20,21,
4,5,4,5,4,5,4,5,4,5,4,5,4,5,4,5,4,5,4,5,4,5,4,5,4,5,4,5,4,5,4,5,4,5,4,5,4,5,4,5,
20,21,20,21,20,21,20,21,20,21,20,21,20,21,20,21,20,21,20,21,20,21,20,21,20,21,20,21,20,21,20,21,20,21,20,21,20,21,20,21,
4,5,4,5,4,5,4,5,4,5,4,5,4,5,4,5,4,5,4,5,4,5,4,5,4,5,4,5,4,5,4,5,4,5,4,5,4,5,4,5,
20,21,20,21,20,21,20,21,20,21,20,21,20,21,20,21,20,21,20,21,20,21,20,21,20,21,20,21,20,21,20,21,20,21,20,21,20,21,20,21,
4,5,4,5,4,5,4,5,4,5,4,5,4,5,4,5,4,5,4,5,4,5,4,5,4,5,4,5,4,5,4,5,4,5,4,5,4,5,4,5,
20,21,20,21,20,21,20,21,20,21,20,21,20,21,20,21,20,21,20,21,20,21,20,21,20,21,20,21,20,21,20,21,20,21,20,21,20,21,20,21,
4,5,4,5,4,5,4,5,4,5,4,5,4,5,4,5,4,5,4,5,4,5,4,5,4,5,4,5,4,5,4,5,4,5,4,5,4,5,4,5,
20,21,20,21,20,21,20,21,20,21,20,21,20,21,20,21,20,21,20,21,20,21,20,21,20,21,20,21,20,21,20,21,20,21,20,21,20,21,20,21,
4,5,4,5,4,5,4,5,4,5,4,5,4,5,4,5,4,5,4,5,4,5,4,5,4,5,4,5,4,5,4,5,4,5,4,5,4,5,4,5,
20,21,20,21,20,21,20,21,20,21,20,21,20,21,20,21,20,21,20,21,20,21,20,21,20,21,20,21,20,21,20,21,20,21,20,21,20,21,20,21,
4,5,4,5,4,5,4,5,4,5,4,5,4,5,4,5,4,5,4,5,4,5,4,5,4,5,4,5,4,5,4,5,4,5,4,5,4,5,4,5,
20,21,20,21,20,21,20,21,20,21,20,21,20,21,20,21,20,21,20,21,20,21,20,21,20,21,20,21,20,21,20,21,20,21,20,21,20,21,20,21,
4,5,4,5,4,5,4,5,4,5,4,5,4,5,4,5,4,5,4,5,4,5,4,5,4,5,4,5,4,5,4,5,4,5,4,5,4,5,4,5,
20,21,20,21,20,21,20,21,20,21,20,21,20,21,20,21,20,21,20,21,20,21,20,21,20,21,20,21,20,21,20,21,20,21,20,21,20,21,20,21,
4,5,4,5,4,5,4,5,4,5,4,5,4,5,4,5,4,5,4,5,4,5,4,5,4,5,4,5,4,5,4,5,4,5,4,5,4,5,4,5,
20,21,20,21,20,21,20,21,20,21,20,21,20,21,20,21,20,21,20,21,20,21,20,21,20,21,20,21,20,21,20,21,20,21,20,21,20,21,20,21,
4,5,4,5,4,5,4,5,4,5,4,5,4,5,4,5,4,5,4,5,4,5,4,5,4,5,4,5,4,5,4,5,4,5,4,5,4,5,4,5,
20,21,20,21,20,21,20,21,20,21,20,21,20,21,20,21,20,21,20,21,20,21,20,21,20,21,20,21,20,21,20,21,20,21,20,21,20,21,20,21,
4,5,4,5,4,5,4,5,4,5,4,5,4,5,4,5,4,5,4,5,4,5,4,5,4,5,4,5,4,5,4,5,4,5,4,5,4,5,4,5,
20,21,20,21,20,21,20,21,20,21,20,21,20,21,20,21,20,21,20,21,20,21,20,21,20,21,20,21,20,21,20,21,20,21,20,21,20,21,20,21,
4,5,4,5,4,5,4,5,4,5,4,5,4,5,4,5,4,5,4,5,4,5,4,5,4,5,4,5,4,5,4,5,4,5,4,5,4,5,4,5,
20,21,20,21,20,21,20,21,20,21,20,21,20,21,20,21,20,21,20,21,20,21,20,21,20,21,20,21,20,21,20,21,20,21,20,21,20,21,20,21,
4,5,4,5,4,5,4,5,4,5,4,5,4,5,4,5,4,5,4,5,4,5,4,5,4,5,4,5,4,5,4,5,4,5,4,5,4,5,4,5,
20,21,20,21,20,21,20,21,20,21,20,21,20,21,20,21,20,21,20,21,20,21,20,21,20,21,20,21,20,21,20,21,20,21,20,21,20,21,20,21,
4,5,4,5,4,5,4,5,4,5,4,5,4,5,4,5,4,5,4,5,4,5,4,5,4,5,4,5,4,5,4,5,4,5,4,5,4,5,4,5,
20,21,20,21,20,21,20,21,20,21,20,21,20,21,20,21,20,21,20,21,20,21,20,21,20,21,20,21,20,21,20,21,20,21,20,21,20,21,20,21,
4,5,4,5,4,5,4,5,4,5,4,5,4,5,4,5,4,5,4,5,4,5,4,5,4,5,4,5,4,5,4,5,4,5,4,5,4,5,4,5,
20,21,20,21,20,21,20,21,20,21,20,21,20,21,20,21,20,21,20,21,20,21,20,21,20,21,20,21,20,21,20,21,20,21,20,21,20,21,20,21,
4,5,4,5,4,5,4,5,4,5,4,5,4,5,4,5,4,5,4,5,4,5,4,5,4,5,4,5,4,5,4,5,4,5,4,5,4,5,4,5,
20,21,20,21,20,21,20,21,20,21,20,21,20,21,20,21,20,21,20,21,20,21,20,21,20,21,20,21,20,21,20,21,20,21,20,21,20,21,20,21